10 100111
32 110
34 111100100110
38 0001100
39 111101101010
40 0001101001
41 0001101000
42 100110011000
43 10011001110
44 010101
45 101100001
46 000111
47 10010011010
48 1011010111
49 100101111
50 010100110
51 1011010101
52 0101000001
53 11110110100
54 11110011110
55 10010011001
56 10110101001
57 10010011000
58 0101000000
59 111100101
61 1001100111100
63 1001100111101111011
65 10011000
66 101100000
67 10011011
68 111101100
69 111101111
70 1111001110
71 000110111
72 000110101
73 01010001
74 100100110110
75 1001011100
76 100100111
77 1111001101
78 1111011011
79 1001100101
80 10110100
81 010100111
82 1001011101
83 10011010
84 100101101
85 100100110111
86 000110110
87 100110011110110
88 1111001100
89 1111011010111
90 111100100111
91 11110010001
92 100110011110111110
93 11110010000
94 10110101000
95 01010010
97 0111
98 1011001
99 01011
100 00111
101 1010
102 10110001
103 1001010
104 10010010
105 1110
106 100101100
107 111100100100
108 00110
109 10111
110 0000
111 11111
112 00010
113 1111010
114 0100
115 0010
116 1000
117 0110
118 1011011
119 010100001010000
120 111101110
121 1001100100
122 010100001011
123 10110101100
124 01010000100
125 10110101101
134 10011001111010
151 0101000011
160 10011001101
162 0101000010101
166 1001000
168 100110011111
170 100110011110111100
172 10011001111011111100
173 1001100111101111111
176 1001100111101111010
177 100110011110111111011
178 1111011010110
183 11110011111
185 01010000101001
187 100110011110111111010
188 010100001010001
189 100110011001
190 1001100111101110
194 111100100101
195 1111000
