10 111010
32 110
33 0101010010
34 11110101
39 1011000110
40 010101101000110
41 010101101000101
42 111000111101011
44 010110
45 010101100
46 1110000
48 11100011110100111
49 111000111101000
50 010101101000100
51 010101101000001
52 010101101000000
53 010101101000011
54 0101011010000101
55 11100011110100110
56 0101011010000100
57 11100011110100101
58 010101000101
59 111000110
63 0101010000
65 11100011111
66 010101010
67 1011000000
68 0101010110
69 1011000100
70 010101101001
71 101100001100
72 1011000010
73 01010111
74 01010110101
75 1110001111011
76 1011000101
77 111101000
78 01010100011
79 111000111100
80 101100001101
82 010101000100
83 0101010011
84 1011000111
85 111000111101010
86 010101101000111
87 1011000001
89 10110000111
90 11100011110100100
95 1110001110
97 1000
98 1111011
99 111001
100 10011
101 001
102 101110
103 010111
104 0001
105 0100
106 0101010111
107 11100010
108 10010
109 111011
110 0110
111 0111
112 010100
113 0101011011
114 11111
115 0000
116 1010
117 111100
118 1011001
119 101101
120 1111010010
121 101111
122 1111010011
